4.698478317899622281e-03 2.135963255707294728e+00
5.218147555568686258e-02 2.473096059491430410e+00
5.864479560199860331e-02 2.647627204725847339e+00
7.612739280516332696e-02 2.144587433352198147e+00
7.485125592375897752e-02 2.428717111606432333e+00
3.566311117922540269e-02 2.406223987611919135e+00
3.549963260736722914e-02 2.417573015959884497e+00
1.549979952580243792e-02 2.291841323955968068e+00
8.882542475464427767e-02 2.357941586053412308e+00
1.579449465131122499e-01 2.113521671122845724e+00
8.005905642710042791e-02 2.528563076854520641e+00
7.664677594631919000e-02 2.135919985042081581e+00
1.096451591233376377e-01 2.080623110180002122e+00
6.618467152704816947e-02 2.402548534918990342e+00
9.332220889057007973e-02 2.491493336920859392e+00
6.334666551657669453e-02 2.222603552113204373e+00
6.881281918317455615e-02 2.491638177925583619e+00
6.431512178479004138e-02 2.421097848437950173e+00
5.069550899469692229e-02 2.230847670241561165e+00
1.900453868443951339e-02 2.197723526569951069e+00
2.443660460810333224e-02 2.559901920208341952e+00
2.431884092843697789e-02 2.447459620495723076e+00
1.292688450805472011e-01 2.144800427067099946e+00
2.551149588065576221e-02 2.296454341750990835e+00
1.309268636439405581e-02 2.206686674587303720e+00
2.718165750522932161e-02 2.394628359792363881e+00
4.198265811221775501e-02 2.253886616774473772e+00
2.801151020313000228e-02 2.209610693885736943e+00
1.871675510364746997e-01 2.572308902015143506e+00
1.514972562132222422e-01 2.035514896163612697e+00
8.073429383156144334e-02 2.294473265265068562e+00
2.487932937242622600e-01 2.395016764185270208e+00
1.290320151680005301e-01 2.482726571369053392e+00
6.365951670193278900e-02 2.588140319990871241e+00
8.976058188620236744e-02 2.095245459799568444e+00
1.516595223625515354e-01 2.280586410914480222e+00
1.018114019530933084e-01 2.566552137761103136e+00
2.948157539966526075e-01 2.115991714137189117e+00
3.499947234461194684e-02 2.331231554714904064e+00
3.104110179810423004e-02 2.357195364315032293e+00
5.398759836809791102e-04 2.220650645543286839e+00
2.115093316841830384e-02 2.206169571862226952e+00
1.578780405842911821e-02 2.376672034308582759e+00
7.891766579079939614e-02 2.465312667699669280e+00
8.946876552642511748e-02 2.273633136124734833e+00
1.035315040351223181e-01 2.467257727190428795e+00
2.469821163040929746e-01 2.282054478667176145e+00
8.020604755768184768e-03 2.253535223308331226e+00
1.440330410513429304e-01 2.302094137014845110e+00
1.454545454251123804e-01 2.362417511730236619e+00
5.359842695953686426e-02 2.492555242611146582e+00
2.835232555557638534e-01 2.182756716594294488e+00
8.943691659709704367e-02 2.338113278556747332e+00
2.476020688095575614e-02 2.211079310782762875e+00
7.131316949117108561e-02 2.430135695668488971e+00
6.242274937655507838e-04 2.435061375121851057e+00
9.412169639362179263e-02 2.247115526714397404e+00
1.471428962663797746e-01 2.411346105499757808e+00
1.415371539115982680e-01 2.343728381717980813e+00
5.731561093724363287e-02 2.438860783338185456e+00
1.829256604827343424e-01 2.414261890387724652e+00
3.172301458914380534e-01 2.265278552030425718e+00
1.085268489699308114e-01 2.217146599723932354e+00
1.410769189539571311e-01 2.078939090578478144e+00
3.211040376067467172e-03 2.225240162057315452e+00
1.556352382537222814e-02 2.564681831073421403e+00
6.438126208684957774e-02 2.128406386898906266e+00
1.123905767968742114e-02 2.096750804547283575e+00
7.824648404912287747e-02 2.229885934261788272e+00
7.446224569565981777e-02 2.174643216589406070e+00
2.627290574664194883e-02 2.227136297014877364e+00
2.355810725995532984e-02 2.503978893183105292e+00
4.271368467979664435e-02 2.135223633771350826e+00
1.214929932761007053e-01 2.102810338661787348e+00
8.561565227225659269e-02 2.424573814714023889e+00
8.553595533635288684e-02 2.599927427691911319e+00
7.438716905958375758e-03 2.392338776491483188e+00
8.278628978448121511e-02 2.223756330891665911e+00
1.189207920792578754e-01 2.058632646920728781e+00
1.690138263147415026e-02 2.452034257985863164e+00
2.107678486135189377e-03 2.340685760492809742e+00
6.176363054273015241e-02 2.428603430323191148e+00
2.325286376035336222e-02 2.272543815792489319e+00
1.101598738782595677e-01 2.404126779411705606e+00
4.371383989811298415e-02 2.221081834972233437e+00
1.820581001685975253e-01 2.148518451074409974e+00
8.241330255502793412e-02 2.446242624812439814e+00
2.389701564640012155e-01 2.430305130983492212e+00
3.776762631433246142e-02 1.939338094811786206e+00
5.144021307306341495e-02 2.459729582442208073e+00
8.722151630761121321e-03 2.446324427703951976e+00
4.206864319828714643e-02 2.084465306837545384e+00
1.378723784852025624e-01 2.194287152199356328e+00
5.018882044768804840e-02 2.451401070235558866e+00
1.899795843235903975e-03 2.278118932098687655e+00
2.758247792179313596e-03 2.420123638810460776e+00
1.636737953270555462e-02 2.528990006410110514e+00
4.522522123750682965e-02 2.355526028490890766e+00
1.043708138566996624e-01 2.381144981497133273e+00
1.021978817969853015e-01 2.486747480621893214e+00
8.431770496855889307e-02 1.026946577332945143e+00
7.702085780139145132e-02 9.987263390801641716e-01
2.829358415901433998e-02 9.617778628141623321e-01
3.956899437872710146e-03 9.246963930281475452e-01
3.737228682290012066e-02 9.584833347646517510e-01
3.125372514053054163e-02 1.017879074447009646e+00
7.184413940502790835e-03 1.002748483249138012e+00
1.856378573977825880e-02 9.357248778735367534e-01
2.868382763011427528e-04 1.000849471601963359e+00
1.178415580241701510e-01 1.075768371448695859e+00
1.255102399298239635e-01 1.010977107637155425e+00
1.072175328527960603e-02 9.745184782875361273e-01
4.740478025321168132e-02 9.017210526745131904e-01
6.933307373415076302e-02 1.045342322759993170e+00
1.744962983835147974e-03 8.398365156960659883e-01
8.793786271107262298e-02 1.036720481535952532e+00
1.361775109521062843e-01 9.537627970352956508e-01
4.959814127223871605e-02 1.035598256833706099e+00
1.276005262891449776e-01 1.052647523669549390e+00
5.120297231605333566e-02 9.160107106510604336e-01
1.988004835548636690e-02 1.105469062920011680e+00
5.247010448350102746e-02 9.211039519575044965e-01
2.991924724235731081e-02 1.009639862303561397e+00
6.441347139518924236e-03 1.183247583319870344e+00
1.407030736321450773e-02 1.105774579070607722e+00
8.184895313436804654e-02 9.556736096759446131e-01
2.730526498757214829e-02 9.137030285280658415e-01
1.211708755113143632e-01 1.061755917049666653e+00
9.238301013186832333e-02 1.152099663890813641e+00
3.337705199391128447e-03 9.579723535395798795e-01
2.561606603111416663e-02 1.098406751264313419e+00
2.080853645952901107e-03 1.206304528176072033e+00
1.258691697978580881e-01 9.705596790018522491e-01
6.261372909468930145e-03 9.997900184764116904e-01
6.513310735700553189e-02 1.007735415398953283e+00
4.546018824930694868e-02 9.587424652024357785e-01
1.247803781158806913e-01 8.451968156254852094e-01
8.727669858805825465e-02 9.831759182622610282e-01
1.014983880830403890e-01 9.903543614871886946e-01
6.780560478790527423e-02 1.064437474939834871e+00
7.003347445479349287e-02 9.246832349117211081e-01
9.022703291807393500e-02 9.851319408342084083e-01
4.318272238606170321e-02 9.675708149316740725e-01
1.069245614353589724e-01 9.736758789956140303e-01
7.792913218349863114e-02 8.908130621222993817e-01
3.907718458846187737e-02 1.083073689889143765e+00
2.233794396026680257e-02 1.161232901032088538e+00
3.295935576050179616e-02 1.001897200284551648e+00
8.191826059188682396e-02 9.543894520919776747e-01
2.301131993133911924e-02 1.108517237635435304e+00
1.820876064866073368e-02 1.141425357154837616e+00
7.273414520587637155e-02 1.014739606342495382e+00
9.056162858864236220e-02 9.816969591303434939e-01
7.347898674016833942e-02 9.499201697025747571e-01
7.946189871032728613e-02 1.091256186026714481e+00
5.633042025178876255e-02 1.063594656800348925e+00
1.085140027429251641e-02 1.080452619380280144e+00
5.347286388753499931e-02 1.043095040505280124e+00
4.988761072345834768e-02 9.738952905170557006e-01
1.467376460926473059e-01 9.760714526901913546e-01
5.149905285070837530e-02 9.759030893822427943e-01
7.259863829107253419e-03 9.925679334629361472e-01
2.150538510762298530e-02 9.344223076175380838e-01
1.190105338307636054e-02 8.891975095956897723e-01
1.235969776506685297e-02 1.081239593592063564e+00
3.476598249164452453e-02 9.667186627398945964e-01
6.781798464325806963e-02 1.169833301296424599e+00
2.747056919140525993e-02 9.999151984498731993e-01
5.913208254545047893e-03 1.035007813122256426e+00
9.481747573903517162e-03 1.097938365457969745e+00
1.802298173448713126e-02 1.180761565011120506e+00
1.100217301354503019e-02 9.505099545304198649e-01
8.795972763153567242e-02 9.932849712341582649e-01
9.646945476010389264e-02 9.109831893371973521e-01
2.709447578409410889e-02 1.070572318767870623e+00
3.130962962878496014e-02 9.863223861339509568e-01
2.405475582083346081e-02 9.286638974676386660e-01
3.579349158471432923e-02 1.158611570507699362e+00
4.860323568833258001e-02 9.067592932396402183e-01
1.594872591538826212e-02 9.474123404868082243e-01
2.007295186701993361e-02 1.115248160974952274e+00
6.829485673220667130e-02 1.169485179701205579e+00
3.650168202386779720e-03 9.949530258991143850e-01
2.372584467229353622e-02 8.769598238096513176e-01
7.556684262488581882e-02 1.054274928962944502e+00
2.437777477188705910e-02 1.012838230496658998e+00
1.109877858677219692e-01 1.054922750257539787e+00
1.372708294523866945e-01 1.040466823927015172e+00
6.731788950469982935e-02 9.918885809076990467e-01
9.268322354927160944e-02 1.013324208823530803e+00
3.037270376031579039e-03 8.914618836039474026e-01
8.587373203939166477e-03 1.057297801320912889e+00
7.823382751027059545e-02 1.066100020910675461e+00
4.461270238047264358e-02 1.015474298413368448e+00
1.047940841418256164e-01 9.868381011185797247e-01
1.004911351305385198e-01 1.133090357191350206e+00
6.692151999249380812e-02 7.419993653891430174e-01
2.617249847899019016e-02 9.673414485970158738e-01
8.603135550836218948e-02 8.946347908023102313e-01
1.124970464944856641e-01 9.900159898302105521e-01
9.960386959536314810e-01 1.024564030406693860e+00
9.962276835378239825e-01 1.035566850099600034e+00
9.960980256615278305e-01 1.025894612289982799e+00
9.961464069045226077e-01 9.798408463718957240e-01
9.960588218440580288e-01 1.074897282090123252e+00
9.961659289224776836e-01 9.785607729452874270e-01
9.960108130622452594e-01 1.075511138737896166e+00
9.960803327706214683e-01 1.008910092503675360e+00
9.959845848039572402e-01 9.699521404137478875e-01
9.961147874206858210e-01 9.850804954140022218e-01
9.960870106384079881e-01 1.026607645599109109e+00
9.958319805183133422e-01 1.111105427759708775e+00
9.961339889627224276e-01 8.944974905842046908e-01
9.959816936549771293e-01 8.386185120217217737e-01
9.961162362230777667e-01 8.759423849478196189e-01
9.960051152487013892e-01 8.607017202681548351e-01
9.960969319121896204e-01 9.981556570814599239e-01
9.960044604058675421e-01 9.852006114519175073e-01
9.961626864017448790e-01 9.426140041576100970e-01
9.961236338600644169e-01 8.915853617464339909e-01
9.961881583861070810e-01 9.270240275468868418e-01
9.958941826246783258e-01 1.020418112090011542e+00
9.961562850539558145e-01 9.319640005369240754e-01
9.959109376997674623e-01 9.900578045449817122e-01
9.960562336684010143e-01 8.407325040424913354e-01
9.960543731542140788e-01 1.015131601876450462e+00
9.961121064164013550e-01 1.080900287945821159e+00
9.959812043011192495e-01 1.009716819677214383e+00
9.960522482547283785e-01 1.049220039730960341e+00
9.961394966726160316e-01 9.136418606260306996e-01
9.960417586180760896e-01 1.073682273217029248e+00
9.960974357354196451e-01 9.718344330233954498e-01
9.961168734221568233e-01 9.229832496565923972e-01
9.960356259002617341e-01 9.593053788971444007e-01
9.961217330534314351e-01 9.255516242680605909e-01
9.959678877414668285e-01 1.051188394077972044e+00
9.961574269538179260e-01 9.525710781140517280e-01
9.961423452321787053e-01 9.142009743684617051e-01
9.962496641448717050e-01 9.494288520408510346e-01
9.961747012179349436e-01 1.024128034560986000e+00
9.960937581488040760e-01 9.880333591209479183e-01
9.961042914912274782e-01 1.039607693829627033e+00
9.959895518997438080e-01 1.045324903759090596e+00
9.959764764228085099e-01 1.014714265446221564e+00
9.961645461644844657e-01 1.036825595032218938e+00
9.960929799716605748e-01 9.928788661046425990e-01
9.962141165818096944e-01 9.971806607453510551e-01
9.962438898788927855e-01 8.930786957686553951e-01
9.960423734276724339e-01 8.737820135377656339e-01
9.961974447683664691e-01 8.516682365548897682e-01
9.961504885755789740e-01 1.005406820418493163e+00
9.960997132731812531e-01 7.894915619813887009e-01
9.961007545474084290e-01 1.008795737169037698e+00
9.960584092843897119e-01 9.183502995850427730e-01
9.959600257360552433e-01 8.332717651603840370e-01
9.960013335566831882e-01 9.756431728066673470e-01
9.961371506908535123e-01 1.065136883670738444e+00
9.961607036233485202e-01 1.009554640945365733e+00
9.962441209468365644e-01 1.096025253004107025e+00
9.961505755389716832e-01 1.063139460692543059e+00
9.961319023406485229e-01 8.249492893983501052e-01
9.961017566065915041e-01 1.090501602121659586e+00
9.961930072015445781e-01 8.610385399839076692e-01
9.960442971929345246e-01 1.047171711073356715e+00
9.961238907455323144e-01 1.068409985592349898e+00
9.959980622634745373e-01 1.021187369336309603e+00
9.961025391316370436e-01 9.931186173906303427e-01
9.961779059928037583e-01 7.498607940424480978e-01
9.961243996784731047e-01 8.970806308500645088e-01
9.959506601661211045e-01 1.208556279160301283e+00
9.960664420466130986e-01 1.082489475045125271e+00
9.961521201378467083e-01 8.705740312228185118e-01
9.962954323917755373e-01 1.088698052068549416e+00
9.961768173657761238e-01 1.059149088346717393e+00
9.960193981138922847e-01 9.919317414368389318e-01
9.961201131585053492e-01 1.017148410138285053e+00
9.960825604880312323e-01 1.027958160287897993e+00
9.961350478937683883e-01 1.019591597506490199e+00
9.960024641226059572e-01 9.610342523142443305e-01
9.959604022417336555e-01 1.089384038415599054e+00
9.960318864586413801e-01 1.004121816142514945e+00
9.961332183542719321e-01 8.571034653397984204e-01
9.961636162199501987e-01 9.086993237094816989e-01
9.960488651204113530e-01 9.682967773674550083e-01
9.960945475307461106e-01 1.012910300179445944e+00
9.959115866135264117e-01 1.005204500756984975e+00
9.959353606272892678e-01 1.106154148943887972e+00
9.961726271620257034e-01 1.023249124125676701e+00
9.960484673898651886e-01 1.147116850570185420e+00
9.961739763266572734e-01 1.198838085076647797e+00
9.961371054787531154e-01 9.294657098063536793e-01
9.962399889147829368e-01 9.547505421672097814e-01
9.961150495423205520e-01 1.226008211708662365e+00
9.960663966405760572e-01 1.221865057396873233e+00
9.961615541560372433e-01 1.126267014112863230e+00
9.960816455477973230e-01 1.070740783054727308e+00
9.962540140449539505e-01 1.062381287141177966e+00
9.960895163048752998e-01 1.116013593937080550e+00
9.961547833958314113e-01 9.019285363008293643e-01
9.959743192819058288e-01 1.182793860511701656e+00
